Total: 8372895744, Free:293634048, UsedPercent:74.315564%
Total: 8372895744, Free:292454400, UsedPercent:74.329555%
